"PRI.ACCESSION"	"PRIMIRNA"	"Status"	"PRI.SEQUENCE"	"ACCESSION"	"MIRNA"	"SEQUENCE"	"DUPLI.ID"	"MOTIF.13"	"POS.MIRNA"	"DUPLI.MIRNA"
"MI0013297"	"ctr-MIR166"	"UNCHANGED"	"GGTTTGTCTGAAGGATCTAGGGTTAATTGGGAAGCTTTTTCTTTTGAGGGGAATGTTGTCTGGCTCGAGGCCACTAACTAGATCTTTGATTTAATCTCAGTTGATCATATATTTGTTTCATTTTTCTTCCATAAAATTTAATTATATTGAGATACCCATCATTGATCTTAAGATAATTAAGTTAGTGACGTCGGACCAGGCTTCATTCCCCCCAATAATTGCTTCTATCTGCTATGATATCATCTTCATTTCTTGGAGGTGCTGTGATCAGTTCTCAAACTTTAGTTGATTTTTTCACAATTTTTCTTTTTGTTTAATTTATTGATCTTGTGTTGTGTATATTTGTATGGTCAACGGAGAGATCTTGGTCATTGGCCATGAGCAGATTGGTGTAATGATGAAAGATTTTGACTG"	"MIMAT0014071"	"ctr-miR166"	"TCGGACCAGGCTTCATTCCCCC"	""	"ACCAGGCTTCATT"	"ctr-miR166[5,18]"	NA
"MI0013307"	"ctr-MIR167"	"UNCHANGED"	"CATATTCGTGCACTAGTAGTAGTTGAAGCTGCCAGCATGATCTGAACTTTCCTTGACCTCCATCTCTAGGGAAAGGCCAGATCATCTGGCAGTTTCACCTATTGATGGTAGCATGGCCAGA"	"MIMAT0014081"	"ctr-miR167"	"TGAAGCTGCCAGCATGATCTGA"	""	"GCTGCCAGCATGA"	"ctr-miR167[5,18]"	NA
"MI0013293"	"ctr-MIR156"	"UNCHANGED"	"TGAAGAGGAAGAGGAAACATAACGAGAGAGCTACTGACAGAAGAGAGTGAGCACACGCAGGTAATTGTATTAGAAAATATCTTTGCAGGTGCGTGCTCGCTCCTCTTCTGTCAGCGTCATTTTTGCAAGTGCTTCCTCACAACCCCAGCACGTCGTAACCCCCAGCCCTCTTTTGCTCTTCCTTCTATCA"	"MIMAT0014067"	"ctr-miR156"	"TGACAGAAGAGAGTGAGCAC"	""	"CAGAAGAGAGTGA"	"ctr-miR156[4,17]"	NA
"MI0013306"	"ctr-MIR164"	"UNCHANGED"	"GAAGGTGTGTGTAGAGCAAGATGGAGAAGCAGGGCACGTGCATTACTAACTCAACCGCACATACATCTACTAACAAAAATTAATTAATCCACACATTTTGAAGAAACCAAATCAAGAAGCAGGAGGCTCTTTCTGTTGTTATAGCTCAGTCATGAGTTGAGTTATTTCTTCATGTGCCCTTCTTCCCCATCATGACCGCGGCACCTTGTGCGTGTGTGTGTGTGTATCATCAGGGATCAGCTCAAGATCTGAATTTCTTCTTAGCAAAATTCATGTGCCAATCTAAAGCCTACCAAA"	"MIMAT0014080"	"ctr-miR164"	"TGGAGAAGCAGGGCACGTGCA"	""	"AGAAGCAGGGCAC"	"ctr-miR164[4,17]"	NA
"MI0013308"	"ctr-MIR171"	"UNCHANGED"	"ATCGACGGTTGAAGGGGAGAGTTGTAAAATGAAATCATCAAGGTATTGGCGCGCCTCAATTTAAAGACGTGGTTAAATGGGCATGATTAGCCATGTATTTTCATTGAGCCGCGTCAATATCTCCTTAATTATTTTGTAACTCTCTCCTCTATATCCTCGCCTTCGGTATGCAGCTGCTCCTCGATACATATGAGGATTCAGAAACAGACAAAGGCGGTAGAAGTAATCTTCATCAATATTATTGAAGCAGGAAACATAACGGCAAGTTTTAAGACCCGTTTGGGGCATGTGGGGTCTCATTTTGATGTTAATGAAGTGAAAACTTGTATTTTCCCTCAAACATTCACTCACTCCAGGCCGGCAGGAACAAC"	"MIMAT0014082"	"ctr-miR171"	"TTGAGCCGCGTCAATATCTCC"	""	"AGCCGCGTCAATA"	"ctr-miR171[4,17]"	NA
"MI0013303"	"ctr-MIR319"	"UNCHANGED"	"TTAAGCTGGGAGCTTTCTTCGGTCCACTTATGGGTGGCAATAGGATTTAATTAGCTGCTGACTCATTCATCCAAATACTTAGTAAAGGGTCGAAATGGATACCCAGTAAATGAGTGAATGATGCGGGAGACAAATTGAATCTTAAGCTTCCTGTGCTTGGACTGAAGGGAGCTCCCATTGCTCGCT"	"MIMAT0014077"	"ctr-miR319"	"TTGGACTGAAGGGAGCTCCC"	""	"GACTGAAGGGAGC"	"ctr-miR319[4,17]"	NA
